# step time kinetic potential total_energy com_x com_y rms_radius
0 0 433.70684631530162 -124659.69869125834 -124225.99184494304 -0.11835189975421828 0.053819058839033242 7.9863792886256251
10 0.10000000000000001 4322.8618215535844 -128758.52653846081 -124435.66471690722 -0.11991379469012814 0.053166352277590478 7.9234974502678455
20 0.20000000000000001 11329.052240440129 -135893.78081873039 -124564.72857829026 -0.12147568962603821 0.052513645716147528 7.7452553046040924
30 0.29999999999999999 19388.438825355868 -144028.13398320443 -124639.69515784856 -0.12303758456194808 0.051860939154704314 7.4519658320528084
40 0.40000000000000002 32148.646343197932 -157044.11579459009 -124895.46945139216 -0.12459947949785839 0.051208232593261391 7.0394617908426342
50 0.5 49025.625863196103 -174033.84105269026 -125008.21518949416 -0.12616137443376821 0.050555526031818621 6.5018921471171547
60 0.59999999999999998 69053.292847061472 -194252.57887619673 -125199.28602913526 -0.12772326936967796 0.049902819470375503 5.828462643743598
70 0.70000000000000007 106660.33145973382 -233054.79695460465 -126394.46549487083 -0.12928516430558804 0.049250112908932435 4.9993374845247258
80 0.80000000000000004 187952.11965598891 -314010.4204466209 -126058.300790632 -0.13084705924149806 0.04859740634748938 4.003021920240748
90 0.90000000000000002 264788.53102417506 -391776.71004832274 -126988.17902414768 -0.13240895417740803 0.047944699786046464 2.882210180833185
100 1 433399.00854374364 -563795.36005802127 -130396.35151427763 -0.13397084911331789 0.047291993224603569 1.8362876969669244
110 1.1000000000000001 431462.38520077639 -526877.81128141179 -95415.4260806354 -0.13553274404922805 0.046639286663160404 1.9750429520432398
120 1.2 241397.4074051365 -343416.29376595386 -102018.88636081736 -0.1370946389851381 0.0459865801017173 3.0892226137671215
130 1.3 159571.51761333059 -263867.98785823211 -104296.47024490152 -0.13865653392104821 0.045333873540274322 4.1822390361910982
140 1.4000000000000001 120419.84057893675 -225673.80611345507 -105253.96553451831 -0.14021842885695843 0.044681166978831163 5.1371764202736738
150 1.5 102739.6847203974 -209071.24690544105 -106331.56218504364 -0.1417803237928684 0.044028460417388192 5.9671176677742421
160 1.6000000000000001 99185.685633125482 -205833.02615736274 -106647.34052423725 -0.14334221872877842 0.043375753855945248 6.6987267520768716
170 1.7 103679.31820557608 -210408.95574209405 -106729.63753651797 -0.14490411366468842 0.042723047294502069 7.358224906368001
180 1.8 120082.6352617698 -227332.1206313138 -107249.485369544 -0.14646600860059869 0.042070340733058972 7.9700074198116653
190 1.9000000000000001 127264.98636610738 -232314.34358520992 -105049.35721910255 -0.14802790353650858 0.04141763417161607 8.5586029255536147
200 2 127435.26663427481 -233125.99871902508 -105690.73208475027 -0.14958979847241888 0.040764927610172801 9.1352260137063794
210 2.1000000000000001 138286.00247026642 -243586.01936844664 -105300.01689818021 -0.15115169340832885 0.040112221048729864 9.7038915765258107
220 2.2000000000000002 126440.09825689778 -229259.30591477136 -102819.20765787359 -0.15271358834423907 0.039459514487287142 10.271534223497046
230 2.3000000000000003 115120.70513946317 -217925.47271529393 -102804.76757583076 -0.15427548328014856 0.038806807925844088 10.83153973400327
240 2.3999999999999999 115012.91836434098 -217144.58466641873 -102131.66630207775 -0.15583737821605945 0.038154101364401047 11.378628719108866
250 2.5 113461.0750726983 -214862.26040619149 -101401.18533349319 -0.15739927315196869 0.037501394802957826 11.914174445867134
260 2.6000000000000001 108876.92716177898 -209944.37846856008 -101067.45130678111 -0.1589611680878788 0.036848688241514993 12.437909185149358
270 2.7000000000000002 116699.11953766031 -218131.38113396632 -101432.26159630601 -0.16052306302378941 0.036195981680071973 12.950649337350946
280 2.8000000000000003 109228.45222798463 -208744.72650221564 -99516.274274231007 -0.16208495795969957 0.035543275118628988 13.456885647015053
290 2.8999999999999999 109606.35279184203 -209044.80136743162 -99438.448575589588 -0.16364685289560982 0.034890568557185982 13.954688592527958
300 3 109729.3188928125 -208680.78616405377 -98951.467271241272 -0.16520874783151945 0.034237861995742996 14.444970551249758
310 3.1000000000000001 110669.35207200491 -209216.99470234907 -98547.642630344155 -0.16677064276742934 0.033585155434299907 14.928826770941367
320 3.2000000000000002 123550.16694107185 -221341.21237548563 -97791.045434413783 -0.16833253770333992 0.032932448872856526 15.408537137860327
330 3.3000000000000003 131704.15266892643 -228780.94011686186 -97076.787447935436 -0.16989443263925022 0.032279742311413617 15.890048080192614
340 3.3999999999999999 150418.27504426704 -245274.45179353128 -94856.176749264239 -0.17145632757515999 0.031627035749970542 16.37865053313897
350 3.5 142980.48946601825 -236947.9876313282 -93967.498165309953 -0.17301822251107007 0.030974329188527404 16.880770588687412
360 3.6000000000000001 124254.3827318681 -217014.16114551513 -92759.778413647029 -0.17458011744697985 0.030321622627084457 17.393126360024372
370 3.7000000000000002 112150.81479346524 -204601.23400424764 -92450.419210782406 -0.17614201238288979 0.029668916065641437 17.907342442532908
380 3.8000000000000003 113207.75903232997 -205142.0870344757 -91934.328002145732 -0.17770390731880037 0.029016209504199014 18.418526172996966
390 3.8999999999999999 110951.8837190514 -202751.33101509543 -91799.447296044033 -0.17926580225471003 0.028363502942755033 18.927277885125399
400 4 110928.42349461773 -202575.94688010341 -91647.523385485678 -0.18082769719062031 0.027710796381312602 19.433426519376415
410 4.0999999999999996 108056.16265571318 -198469.81290010631 -90413.650244393124 -0.18238959212652964 0.027058089819869506 19.937158069766411
420 4.2000000000000002 104480.54667907838 -194416.34466669566 -89935.797987617276 -0.18395148706244061 0.026405383258425737 20.437782077789425
430 4.2999999999999998 106637.57439209055 -197259.58206171214 -90622.007669621584 -0.18551338199835049 0.025752676696983411 20.934255299282377
440 4.4000000000000004 109935.82119333823 -199358.31660762621 -89422.495414287987 -0.18707527693426079 0.025099970135540443 21.427733799146715
450 4.5 108778.5662659948 -198198.71977052532 -89420.153504530521 -0.18863717187017065 0.024447263574097378 21.91977882747339
460 4.6000000000000005 106814.55123657308 -195140.34224201666 -88325.791005443578 -0.19019906680608048 0.0237945570126551 22.410184102417059
470 4.7000000000000002 102761.87269074243 -191820.50037476548 -89058.627684023057 -0.19176096174199081 0.023141850451211508 22.898347861809789
480 4.7999999999999998 104077.42404533629 -192281.55991861341 -88204.135873277119 -0.19332285667790139 0.022489143889768779 23.383286230746222
490 4.9000000000000004 107258.86537705926 -194383.85570268577 -87124.99032562651 -0.19488475161381061 0.021836437328325284 23.865552382886225
500 5 112598.77985169986 -198472.84199740097 -85874.062145701115 -0.1964466465497211 0.021183730766882597 24.346887223513498
510 5.1000000000000005 111208.11334495631 -195961.23144635791 -84753.118101401604 -0.19800854148563138 0.020531024205439615 24.829173013829728
520 5.2000000000000002 105168.12967669696 -189632.66113050317 -84464.531453806208 -0.19957043642154118 0.019878317643996692 25.312043662336404
530 5.2999999999999998 101070.3998766898 -184508.530349932 -83438.1304732422 -0.20113233135745104 0.019225611082553478 25.794050923596728
540 5.4000000000000004 95484.405013335374 -178789.99205963966 -83305.587046304281 -0.20269422629336187 0.018572904521110982 26.274027018312072
550 5.5 96163.755589265042 -179168.21743724807 -83004.461847983024 -0.20425612122927084 0.017920197959668333 26.750594010668241
560 5.6000000000000005 102269.25026786815 -185115.28353528809 -82846.033267419945 -0.20581801616518153 0.017267491398224429 27.224429715532327
570 5.7000000000000002 109277.85657907734 -190952.1593540663 -81674.302774988959 -0.20737991110109164 0.016614784836781984 27.697583629521564
580 5.7999999999999998 108465.86338200078 -189117.30001624493 -80651.43663424415 -0.20894180603700158 0.015962078275338819 28.172139767007536
590 5.9000000000000004 99318.485349374532 -178241.32963308541 -78922.844283710874 -0.21050370097291146 0.015309371713895983 28.648121827800544
600 6 93571.668205602939 -171858.27446971295 -78286.606264110014 -0.21206559590882185 0.014656665152452834 29.123310530222565
610 6.1000000000000005 89395.734961778129 -168019.67935245807 -78623.944390679942 -0.21362749084473187 0.014003958591009853 29.596054159345861
620 6.2000000000000002 89816.80070857337 -169037.98443621732 -79221.183727643947 -0.21518938578064198 0.013351252029567898 30.065523600020164
630 6.2999999999999998 97877.989104421635 -175994.28581588101 -78116.296711459378 -0.21675128071655206 0.012698545468124739 30.532369711133935
640 6.4000000000000004 97536.883351816999 -174693.21760588206 -77156.334254065063 -0.21831317565246269 0.012045838906681696 30.998556696938081
650 6.5 97944.920509529256 -174834.24649083242 -76889.325981303162 -0.21987507058837225 0.01139313234523855 31.464425528846583
660 6.6000000000000005 98940.060254911528 -176226.60385785176 -77286.543602940234 -0.22143696552428255 0.0107404257837954 31.930051027275386
670 6.7000000000000002 95769.437762722038 -172806.52996015199 -77037.092197429956 -0.22299886046019282 0.010087719222352421 32.395452865551768
680 6.7999999999999998 97149.860726374347 -174788.82652206742 -77638.965795693075 -0.22456075539610304 0.0094350126609082235 32.86001884148606
690 6.9000000000000004 96901.913612084565 -173855.27650122772 -76953.362889143158 -0.22612265033201329 0.0087823060994661976 33.323998413910765
700 7 90534.434719194163 -167483.59252551879 -76949.157806324627 -0.22768454526792303 0.0081295995380233736 33.787210442471398
710 7.1000000000000005 89288.481188878461 -166599.26530257057 -77310.784113692105 -0.2292464402038337 0.0074768929765812392 34.248459967122791
720 7.2000000000000002 91783.421919870452 -168132.41998488668 -76348.998065016232 -0.23080833513974358 0.0068241864151368731 34.707594433125387
730 7.2999999999999998 95561.627028938936 -171741.43700887566 -76179.809979936719 -0.23237023007565324 0.0061714798536939598 35.165323452129499
740 7.4000000000000004 100554.62188804508 -176274.37312765745 -75719.751239612378 -0.23393212501156377 0.0055187732922521576 35.622688553417582
750 7.5 101636.49146745137 -176733.78096896925 -75097.28950151788 -0.23549401994747365 0.0048660667308093684 36.080675206030492
760 7.6000000000000005 98285.871127446531 -172814.28491205417 -74528.413784607634 -0.2370559148833829 0.0042133601693658687 36.539651237441348
770 7.7000000000000002 97529.398318966996 -171315.5963338874 -73786.198014920403 -0.2386178098192939 0.0035606536079237981 36.999180500841462
780 7.7999999999999998 94717.501067633799 -168167.88217883604 -73450.381111202238 -0.24017970475520348 0.0029079470464800513 37.459091080762946
790 7.9000000000000004 92890.231299732113 -166410.81636985787 -73520.585070125759 -0.24174159969111403 0.002255240485037573 37.918764064064717
800 8 93360.26115348532 -167088.73534474414 -73728.474191258822 -0.24330349462702411 0.0016025339235953135 38.377827097720498
810 8.0999999999999996 97488.228666550945 -171241.70628914275 -73753.477622591803 -0.24486538956293363 0.00094982736215142743 38.836546625115169
820 8.1999999999999993 97745.086300377297 -171647.44795373708 -73902.361653359781 -0.24642728449884468 0.00029712080070873998 39.295482271597535
830 8.3000000000000007 96442.083474669664 -169589.98093518009 -73147.89746051043 -0.24798917943475435 -0.00035558576073473042 39.754862249534135
840 8.4000000000000004 92404.389656908636 -164953.52921472985 -72549.13955782121 -0.24955107437066448 -0.0010082923221766927 40.214512374696525
850 8.5 92327.47420575752 -164615.79537215899 -72288.321166401467 -0.25111296930657434 -0.0016609988836196704 40.673779997856769
860 8.5999999999999996 92009.772582599064 -163139.91707630333 -71130.144493704269 -0.2526748642424842 -0.0023137054450627832 41.132788816448205
870 8.7000000000000011 90514.672776469612 -161649.5557986784 -71134.883022208785 -0.25423675917839422 -0.0029664120065052394 41.591481619206832
880 8.8000000000000007 92819.427965691735 -163764.75414335256 -70945.326177660827 -0.25579865411430458 -0.0036191185679479774 42.049682930680056
890 8.9000000000000004 94984.406068411408 -165605.20349091318 -70620.797422501768 -0.25736054905021455 -0.0042718251293908591 42.507962424427291
900 9 95863.079813281176 -165988.32099941288 -70125.241186131709 -0.25892244398612513 -0.0049245316908332892 42.966819554089177
910 9.0999999999999996 96270.222224780868 -166341.28354836936 -70071.061323588496 -0.26048433892203521 -0.0055772382522766397 43.426366709454257
920 9.2000000000000011 97153.347303856732 -166794.37441625961 -69641.02711240288 -0.26204623385794568 -0.0062299448137208852 43.886773296757205
930 9.3000000000000007 92797.457322474846 -161154.26058830364 -68356.803265828799 -0.26360812879385548 -0.0068826513751618478 44.348048209531576
940 9.4000000000000004 87465.586812097172 -155801.86762251516 -68336.280810417986 -0.2651700237297655 -0.0075353579366058878 44.80950297152355
950 9.5 83054.471136263805 -150929.48795628245 -67875.016820018645 -0.26673191866567503 -0.0081880644980481983 45.270329059288926
960 9.5999999999999996 82314.40616138163 -150631.600377597 -68317.194216215372 -0.26829381360158544 -0.0088407710594905382 45.729811103897561
970 9.7000000000000011 86534.021892041434 -153742.64979813216 -67208.627906090725 -0.26985570853749563 -0.0094934776209343267 46.188019629489503
980 9.8000000000000007 83147.277046641757 -149399.34465589729 -66252.067609255537 -0.27141760347340554 -0.0101461841823768 46.645628784908503
990 9.9000000000000004 79029.274596481191 -146112.62437575022 -67083.349779269032 -0.27297949840931596 -0.010798890743819053 47.102214552906872
1000 10 80162.605594583452 -147307.54277677395 -67144.937182190493 -0.27454139334522598 -0.011451597305263928 47.557199047445039
